# numero de updated da robdd | tamanho da robdd
0 1
0 0
1 15
2 14
3 13
4 12
5 11
6 10
7 9
8 12
9 13
10 28
11 39
12 43
13 49
14 49
15 52
16 57
17 66
18 70
19 70
20 71
21 70
22 56
23 56
24 59
25 72
26 86
27 94
28 102
29 110
30 108
31 116
32 116
33 115
34 104
35 108
36 105
37 99
38 105
39 106
40 109
41 112
42 117
43 143
44 192
45 201
46 273
47 330
48 444
49 414
50 359
51 383
52 386
53 372
54 371
55 348
56 333
57 340
58 337
59 327
60 329
61 326
62 328
63 315
64 307
65 304
66 292
67 265
68 256
69 247
70 234
71 230
72 228
73 226
74 219
75 220
76 221
77 222
78 222
79 261
80 254
81 256
82 259
83 264
84 265
85 265
86 266
87 262
88 254
89 248
90 252
91 243
92 252
93 245
94 254
95 257
96 256
97 249
98 241
99 237
100 234
101 237
102 237
103 251
104 263
105 259
106 262
107 257
108 261
109 280
110 289
111 281
112 291
113 290
114 276
115 278
116 277
117 277
118 271
119 276
120 264
121 267
122 277
123 272
124 269
125 272
126 265
127 266
128 256
129 261
130 256
131 255
132 251
133 250
134 249
135 253
136 239
137 239
138 242
139 251
140 258
141 252
142 244
143 242
144 240
145 243
146 245
147 244
148 248
149 245
150 252
151 247
152 254
153 254
154 257
155 259
156 259
157 266
158 264
159 273
160 275
161 290
162 286
163 295
164 311
165 323
166 321
167 347
168 355
169 385
170 374
171 367
172 425
173 425
174 429
175 425
176 419
177 413
178 411
179 401
180 394
181 380
182 382
183 385
184 376
185 379
186 386
187 398
188 391
189 393
190 391
191 392
192 383
193 380
194 383
195 380
196 373
197 370
198 369
199 375
200 373
201 376
202 370
203 365
204 363
205 360
206 361
207 363
208 365
209 361
210 361
211 361
212 365
213 365
214 361
215 356
216 348
217 345
218 343
219 338
220 342
221 339
222 335
223 329
224 333
225 326
226 321
227 329
228 330
229 329
230 326
231 335
232 332
233 334
234 330
235 328
236 323
237 324
238 322
239 317
240 318
241 314
242 318
243 317
244 315
245 309
246 311
247 313
248 310
249 306
250 303
251 316
252 313
253 325
254 312
255 324
256 312
257 318
258 316
259 309
260 308
261 306
262 297
263 295
264 287
265 301
266 298
267 286
268 286
269 289
270 298
271 308
272 318
273 309
274 348
275 339
276 339
277 341
278 338
279 337
280 339
281 343
282 334
283 328
284 331
285 358
286 350
287 345
288 339
289 336
290 335
291 333
292 328
293 334
294 336
295 341
296 331
297 327
298 330
299 333
300 343
301 336
302 359
303 352
304 392
305 401
306 402
307 402
308 405
309 408
310 401
311 412
312 413
313 413
314 421
315 420
316 414
317 409
318 403
319 408
320 426
321 434
322 443
323 445
324 443
325 455
326 462
327 453
328 455
329 446
330 448
331 439
332 434
333 437
334 436
335 428
336 421
337 424
338 422
339 419
340 416
341 420
342 419
343 419
344 409
345 421
346 427
347 439
348 432
349 459
350 458
351 452
352 457
353 452
354 462
355 460
356 451
357 459
358 467
359 460
360 471
361 462
362 452
363 450
364 444
365 454
366 445
367 439
368 430
369 445
370 431
371 442
372 430
373 418
374 418
375 418
376 414
377 411
378 419
379 379
380 374
381 375
382 365
383 366
384 366
385 367
386 369
387 369
388 366
389 366
390 357
391 360
391 200
391 0
392 199
393 197
394 211
395 218
396 217
397 222
398 220
399 218
400 219
401 219
402 217
403 215
404 211
405 209
406 210
407 211
408 214
409 210
410 207
411 208
412 205
413 200
414 200
415 204
416 210
417 209
418 218
419 225
420 211
421 208
422 209
423 213
424 225
425 215
426 208
427 213
428 212
429 214
430 215
431 219
432 218
433 216
434 214
435 212
436 214
437 221
438 225
439 222
440 219
441 218
442 216
443 213
444 216
445 212
446 212
447 212
448 221
449 220
450 219
451 219
452 215
453 215
454 215
455 221
456 224
457 221
458 223
459 221
460 220
461 220
462 217
463 215
464 215
465 203
466 202
467 210
468 213
469 215
470 222
471 207
472 217
473 218
474 207
475 218
476 219
477 218
478 217
479 220
480 217
481 215
482 215
483 217
484 217
485 217
486 212
487 213
488 208
489 214
490 212
491 214
492 214
493 213
494 202
495 207
496 212
497 216
498 208
499 208
500 210
501 206
502 206
503 206
504 207
505 203
506 202
507 197
508 194
509 205
510 213
511 204
512 209
513 212
514 205
515 211
516 212
517 206
518 207
519 208
520 207
521 202
522 202
523 204
524 209
525 206
526 205
527 205
528 203
529 203
530 206
531 203
532 212
533 217
534 213
535 212
536 211
537 211
538 212
539 207
540 208
541 203
542 200
543 194
544 188
545 192
546 193
547 194
548 201
549 203
550 206
551 206
552 205
553 199
554 198
555 195
556 201
557 198
558 196
559 196
560 194
561 193
562 196
563 194
564 195
565 192
566 188
567 190
568 188
569 187
570 173
571 171
572 177
573 183
574 188
575 190
576 191
577 190
578 188
579 190
580 191
581 191
582 188
583 188
584 186
585 187
586 188
587 187
588 185
589 186
590 185
591 189
592 187
593 188
594 185
595 185
596 184
597 184
598 184
599 175
600 174
601 185
602 183
603 183
604 181
605 175
606 173
607 185
608 185
609 184
610 183
611 187
612 186
613 189
614 187
615 180
616 178
617 179
618 181
619 182
620 180
621 183
622 178
623 179
624 178
625 174
626 174
627 180
628 178
629 178
630 175
631 168
632 167
633 177
634 176
635 176
636 178
637 180
638 178
639 175
640 174
641 174
642 173
643 169
644 169
645 168
646 167
647 167
648 166
649 161
650 161
651 157
652 157
653 169
654 162
655 165
656 164
657 167
658 166
659 158
660 157
661 162
662 161
663 172
664 168
665 166
666 165
667 163
668 163
669 165
670 165
671 165
672 166
673 159
674 160
675 163
676 161
677 154
678 153
679 158
680 157
681 156
682 155
683 152
684 152
685 142
686 141
687 146
688 146
689 151
690 151
691 158
692 156
693 158
694 155
695 153
696 152
697 156
698 155
699 157
700 155
701 152
702 151
703 154
704 152
705 151
706 150
707 144
708 144
709 142
710 139
711 143
712 143
713 139
714 139
715 143
716 143
717 139
718 139
719 138
720 137
721 135
722 135
723 128
724 128
725 135
726 137
727 143
728 143
729 143
730 144
731 143
732 139
733 142
734 140
735 138
736 136
737 138
738 135
739 128
740 128
741 130
742 129
743 128
744 128
745 123
746 123
747 125
748 125
749 128
750 126
751 129
752 130
753 133
754 124
755 123
756 118
757 118
758 123
759 122
760 124
761 124
762 125
763 126
764 121
765 123
766 124
767 124
768 123
769 123
770 120
771 121
772 121
773 122
774 121
775 121
776 117
777 119
778 113
779 115
780 111
781 110
782 113
782 107
782 0
783 109
784 107
785 106
786 105
787 105
788 103
789 105
790 95
791 94
792 97
793 102
794 103
795 106
796 103
797 103
798 101
799 105
800 104
801 105
802 97
803 101
804 103
805 100
806 102
807 103
808 105
809 107
810 98
811 102
812 104
813 104
814 102
815 102
816 96
817 93
818 95
819 96
820 92
821 94
822 89
823 89
824 83
825 82
826 84
827 86
828 85
829 86
830 81
831 81
832 76
833 81
834 77
835 75
836 78
837 76
838 79
839 82
840 77
841 76
842 78
843 78
844 81
845 79
846 80
847 81
848 75
849 75
850 71
851 69
852 71
853 73
854 72
855 72
856 69
857 68
858 62
859 66
860 58
861 55
862 61
863 68
864 67
865 65
866 66
867 66
868 65
869 66
870 68
871 59
872 63
873 58
874 60
875 60
876 59
877 47
878 44
879 45
880 41
881 41
882 41
883 45
884 42
885 43
886 40
887 38
888 26
889 30
890 34
891 28
892 19
893 18
894 19
895 17
896 19
897 18
898 17
899 14
900 15
901 1
902 1
